#OTU ID	F3D0	F3D141	F3D142	F3D143	F3D144	F3D145	F3D146	F3D147	F3D148	F3D149	F3D150	F3D1	F3D2	F3D3	F3D5	F3D6	F3D7	F3D8	F3D9	Mock
Otu2	343	254	157	103	220	311	199	864	510	482	170	242	2058	558	166	597	376	168	264	0
Otu6	630	426	244	300	471	658	417	1637	1212	881	298	72	143	21	19	17	8	0	4	0
Otu19	104	15	6	2	7	8	44	24	50	41	22	257	563	19	88	73	27	51	99	0
Otu29	68	20	6	13	14	10	22	11	9	42	30	69	74	8	41	45	9	29	42	0
Otu60	53	2	15	14	14	11	41	52	24	21	14	49	108	12	25	32	10	31	51	0
Otu7	367	311	205	197	291	500	279	1181	780	707	297	117	433	230	146	357	251	181	267	1
Otu12	77	100	51	38	109	113	36	304	269	175	30	0	17	24	31	0	2	5	0	1
Otu26	17	39	9	1	7	11	14	77	125	70	34	3	26	17	12	16	34	13	24	0
Otu5	171	332	78	92	36	124	69	88	548	555	115	179	1233	412	190	250	233	281	425	0
Otu187	75	21	5	8	15	7	24	23	18	51	23	48	76	15	20	42	5	44	31	0
Otu89	23	4	0	2	4	7	17	10	12	23	11	11	20	1	3	18	7	16	29	0
Otu11	51	11	103	41	14	25	4	150	18	82	61	122	322	90	46	401	108	138	172	0
Otu30	26	25	12	14	4	4	28	41	48	83	29	30	41	7	10	27	11	6	14	0
Otu16	269	49	9	10	12	11	17	52	23	43	10	58	141	32	37	43	13	42	33	0
Otu123	22	1	0	0	0	0	0	0	10	4	2	0	1	0	0	0	0	0	0	0
Otu9	139	123	71	73	154	219	89	255	204	264	139	93	605	292	193	226	271	181	193	0
Otu109	18	3	0	1	2	1	10	6	5	3	3	5	10	1	8	3	1	3	7	0
Otu28	33	1	1	0	1	0	2	0	0	1	3	138	245	8	16	21	19	101	92	0
Otu3	417	487	150	219	339	548	392	1106	882	897	454	66	453	193	149	383	300	132	199	1
Otu176	3	1	0	0	0	0	0	0	0	1	0	1	2	0	0	1	0	0	1	0
Otu1	278	295	247	141	211	372	196	994	624	640	177	277	1334	512	205	568	421	293	335	0
Otu22	26	9	5	13	13	16	42	35	16	41	29	47	140	18	41	52	13	43	61	0
Otu20	71	2	3	1	2	5	35	33	7	6	6	92	193	11	48	104	47	38	50	0
Otu10	18	179	43	85	270	349	193	527	430	517	64	107	55	185	68	47	15	17	27	110
Otu53	56	8	13	8	8	14	14	43	11	31	23	56	93	12	34	52	21	38	62	0
Otu96	10	4	6	4	0	5	15	12	13	8	5	0	3	0	0	0	0	0	0	0
Otu27	59	12	19	19	17	19	25	50	90	42	34	25	91	21	124	73	35	57	83	0
Otu15	39	82	30	60	13	10	75	73	97	257	135	14	18	1	6	5	2	4	4	0
Otu17	40	43	5	12	42	36	17	159	110	145	19	51	30	125	9	29	37	108	24	1
Otu74	19	2	4	5	5	5	16	10	9	16	9	67	107	2	33	55	4	33	70	0
Otu8	239	187	85	103	153	245	149	488	321	406	228	106	671	253	142	309	251	177	236	0
Otu42	45	6	7	8	13	8	18	28	20	35	13	23	37	2	18	19	4	6	12	0
Otu194	86	19	3	6	8	3	3	2	9	10	2	12	37	5	11	14	9	17	14	0
Otu48	79	0	1	0	0	3	0	26	0	1	0	43	84	14	1	7	18	10	30	0
Otu24	25	51	8	24	10	18	23	44	44	135	80	28	40	9	0	21	4	7	14	0
Otu4	165	204	200	120	131	359	193	547	500	453	189	126	362	443	144	502	519	545	617	0
Otu49	54	5	3	4	3	1	5	17	13	8	3	44	200	5	56	10	5	36	35	0
Otu13	87	31	10	7	10	15	23	69	51	40	16	305	349	47	82	55	38	45	92	0
Otu71	52	4	2	3	6	3	3	17	13	15	10	42	65	8	26	22	7	9	14	0
Otu23	31	19	14	7	22	40	17	62	58	57	22	15	93	51	19	23	10	9	11	1
Otu18	69	6	3	4	3	5	19	8	11	8	6	63	316	38	55	61	12	57	42	0
Otu91	36	3	0	4	1	2	4	7	14	25	12	14	45	4	3	4	1	4	7	0
Otu25	42	32	4	4	10	9	33	16	21	35	16	136	101	8	42	18	6	48	88	0
Otu59	21	15	27	9	20	5	3	28	68	27	16	0	4	12	0	0	0	0	0	0
Otu185	40	6	0	1	0	1	6	8	6	15	4	35	93	11	0	2	1	2	2	0
Otu32	44	3	4	1	1	0	4	23	5	12	4	53	146	12	44	51	15	58	98	0
Otu33	16	11	7	11	2	7	23	35	22	41	37	21	81	7	16	21	9	22	29	0
Otu38	60	9	5	4	3	8	12	14	15	58	20	48	157	10	8	25	7	43	23	0
Otu129	1	4	0	0	0	0	4	4	4	3	5	6	14	1	2	0	0	1	2	0
Otu79	26	3	1	5	2	1	12	9	5	3	2	10	45	1	11	30	5	18	24	0
Otu83	9	11	5	6	10	9	12	12	28	52	11	6	41	7	5	10	2	9	14	0
Otu40	32	2	2	3	0	1	4	12	4	7	2	44	144	4	9	42	12	11	22	0
Otu50	28	0	1	0	0	0	0	0	1	0	0	67	79	15	31	48	20	35	56	0
Otu39	43	23	2	6	2	2	26	17	20	62	35	57	82	25	6	5	1	8	2	0
Otu69	119	6	4	2	6	14	2	23	29	13	7	0	2	0	1	0	0	1	0	0
Otu57	42	12	5	5	3	4	19	22	9	20	13	37	65	7	20	58	10	42	59	0
Otu119	8	2	0	0	6	6	5	2	4	11	7	3	1	1	0	0	0	0	2	0
Otu14	61	6	6	3	5	5	4	40	54	4	5	100	413	390	16	70	38	19	40	0
Otu61	5	1	2	2	1	3	6	5	2	8	4	11	20	19	13	24	12	31	44	0
Otu192	10	7	1	2	4	5	6	10	9	18	7	19	73	16	32	35	29	39	51	0
Otu93	18	12	5	6	5	10	11	6	14	19	6	1	6	5	5	2	4	3	13	0
Otu144	4	0	1	2	2	7	3	2	3	0	3	0	0	0	0	0	0	1	1	0
Otu152	10	0	0	0	0	0	0	0	0	0	0	0	7	0	0	0	0	0	0	0
Otu54	20	13	2	4	2	5	14	13	17	57	22	17	43	5	6	9	2	11	5	0
Otu122	4	1	2	1	0	2	14	22	5	10	10	4	9	0	5	9	0	8	5	0
Otu81	5	24	4	17	3	10	11	10	31	56	40	4	11	1	8	5	1	2	5	0
Otu181	6	23	2	9	10	9	11	43	19	56	43	12	92	16	30	31	10	23	30	0
Otu177	4	0	0	0	0	3	0	1	0	0	1	1	2	0	0	0	0	0	0	0
Otu183	15	5	1	2	5	6	8	10	19	17	5	2	29	6	23	16	10	17	34	0
Otu58	12	4	2	5	4	8	9	7	9	16	10	34	89	10	10	14	2	32	31	0
Otu149	2	1	0	1	1	3	3	6	4	3	0	3	0	0	1	0	0	2	2	0
Otu68	17	4	4	2	4	11	2	21	21	6	7	2	45	13	11	5	8	5	8	0
Otu182	2	0	2	0	0	0	1	0	0	0	0	0	0	0	1	0	0	1	0	0
Otu105	26	0	0	0	0	0	1	0	1	0	0	15	30	10	2	13	5	8	9	0
Otu148	3	0	0	0	0	0	2	4	0	1	0	4	0	1	1	1	1	3	3	0
Otu104	15	2	1	0	2	1	11	12	11	12	7	9	14	0	5	13	1	11	12	0
Otu114	1	0	0	0	0	0	0	0	1	0	0	3	7	0	9	7	0	2	17	0
Otu130	3	2	0	0	3	3	2	9	7	11	6	3	9	2	4	2	2	2	0	0
Otu133	5	3	1	2	1	1	2	3	3	6	2	0	1	0	0	1	0	1	1	0
Otu212	8	3	0	1	0	1	2	7	9	9	3	7	12	3	2	3	2	6	0	0
Otu35	26	40	3	32	2	12	25	17	42	53	33	30	39	4	19	19	9	24	28	1
Otu147	2	1	0	1	0	0	1	0	1	2	0	2	3	2	1	3	0	1	2	0
Otu131	10	0	0	0	0	0	1	1	1	1	0	0	3	0	0	7	3	3	10	0
Otu70	4	15	1	12	6	4	12	7	14	65	18	10	31	7	8	13	7	7	10	0
Otu128	5	3	0	3	1	3	2	5	7	4	3	1	8	0	5	4	0	8	8	0
Otu162	2	1	2	1	0	0	1	1	0	0	1	0	1	0	0	1	0	1	1	0
Otu95	6	6	1	1	1	1	3	0	3	18	8	21	18	2	2	3	2	7	3	0
Otu118	9	0	0	0	1	1	11	3	2	3	1	6	8	3	4	5	0	5	4	0
Otu120	7	1	3	1	3	5	0	4	4	7	6	0	5	0	0	2	0	3	1	0
Otu98	3	5	1	0	1	0	3	1	5	8	2	7	7	4	8	2	2	15	9	0
Otu150	11	0	0	0	1	0	0	1	1	0	1	1	2	0	1	0	0	0	0	0
Otu92	10	2	0	1	2	1	4	12	7	9	8	5	11	2	5	8	0	8	7	0
Otu201	4	9	7	7	4	10	1	33	18	13	4	8	21	4	4	9	1	5	6	0
Otu45	10	3	4	1	3	2	7	28	23	33	9	21	41	4	21	26	18	50	105	0
Otu41	18	27	2	4	3	2	14	30	22	23	15	34	46	11	17	21	6	21	23	0
Otu132	1	1	1	0	0	0	1	1	1	1	1	2	5	0	1	3	2	4	14	0
Otu97	3	2	1	1	1	1	1	4	1	8	2	4	36	20	16	10	3	2	2	1
Otu171	7	0	0	0	0	0	0	0	0	2	1	1	0	0	0	3	0	1	3	0
Otu174	3	0	1	0	0	1	1	2	0	0	1	0	2	1	3	0	0	0	1	0
Otu217	7	4	1	4	2	3	5	2	8	18	4	0	3	0	0	1	1	0	1	0
Otu193	4	0	0	0	1	0	0	2	0	3	1	1	0	0	0	0	0	1	0	0
Otu36	5	8	0	1	1	1	10	9	15	33	15	70	54	8	46	23	6	16	29	0
Otu188	10	5	2	1	2	5	5	60	14	22	3	11	15	1	7	35	1	6	11	0
Otu143	4	0	1	0	0	0	0	0	0	0	0	10	4	0	1	2	0	9	5	0
Otu77	20	21	5	6	6	5	22	28	15	11	12	5	37	2	4	23	4	15	21	0
Otu215	12	0	2	2	4	1	4	0	1	3	1	7	2	0	2	5	0	3	4	0
Otu107	8	0	0	1	1	2	0	0	5	1	1	7	12	1	2	5	1	5	6	2
Otu64	24	16	0	4	1	6	5	13	17	14	3	3	34	18	11	8	17	8	16	1
Otu63	4	2	0	0	1	2	1	5	1	1	1	2	4	1	4	4	2	3	2	168
Otu65	2	29	4	9	6	4	9	24	20	72	46	3	1	0	0	1	0	0	1	0
Otu186	3	0	0	0	1	0	0	0	0	1	0	0	2	0	0	0	0	0	1	0
Otu202	3	0	0	0	0	0	1	0	0	0	0	0	0	0	0	0	1	2	0	0
Otu117	3	0	0	0	0	0	2	0	2	0	0	3	19	0	1	3	2	1	10	0
Otu108	18	1	0	0	2	0	0	6	3	3	2	6	6	0	2	1	5	3	5	0
Otu159	1	0	0	0	1	2	0	0	2	1	0	3	2	0	1	1	0	0	1	0
Otu179	3	0	0	0	0	0	0	1	0	1	0	1	2	0	0	0	0	0	0	0
Otu90	2	1	0	0	0	0	1	0	0	1	0	8	24	5	9	29	6	11	7	0
Otu121	6	2	2	0	1	0	1	3	8	3	3	0	3	6	1	1	1	3	1	0
Otu55	8	20	2	13	4	5	14	40	30	62	20	21	71	3	6	7	7	10	16	0
Otu85	7	0	5	1	2	6	15	9	15	20	20	15	45	2	10	11	4	12	15	0
Otu158	2	1	0	1	3	0	0	1	0	2	1	4	2	0	0	0	0	0	1	0
Otu168	3	45	2	22	3	2	10	16	17	77	42	5	3	0	1	1	0	1	0	0
Otu136	5	0	0	0	0	2	0	0	1	0	0	6	3	6	0	3	1	2	1	0
Otu87	4	0	0	0	0	0	0	0	3	0	0	8	29	2	0	21	8	26	18	0
Otu110	5	1	1	1	2	0	1	7	5	5	2	3	8	0	1	4	0	3	8	0
Otu137	3	1	0	0	0	0	4	0	0	5	1	1	3	0	2	9	0	0	1	0
Otu73	5	11	2	6	0	2	9	36	6	19	11	15	12	3	8	9	3	11	12	0
Otu161	1	1	2	0	0	0	1	3	2	0	0	0	0	1	0	0	1	2	2	0
Otu164	1	1	3	0	0	0	0	3	0	0	0	0	2	0	0	0	0	1	1	0
Otu99	2	0	1	0	1	1	5	6	5	2	1	29	33	7	4	1	0	4	7	0
Otu43	3	5	7	7	9	18	5	32	13	9	8	10	50	39	6	22	25	20	24	0
Otu62	3	6	4	2	1	9	19	16	5	13	11	15	35	3	11	16	5	13	22	0
Otu156	2	2	1	0	0	1	1	1	1	4	0	1	2	1	0	0	0	0	0	0
Otu34	2	54	12	36	30	40	87	34	11	2	0	3	2	3	4	13	1	24	34	0
Otu142	2	0	5	0	0	1	0	3	2	0	0	1	5	4	0	2	2	11	6	0
Otu195	1	0	0	0	1	0	1	0	0	1	0	1	2	1	0	0	0	1	0	0
Otu84	1	5	3	3	8	3	3	18	19	6	2	29	3	13	17	15	17	12	8	0
Otu113	3	0	1	2	0	3	3	4	3	6	2	9	10	1	3	3	1	4	5	0
Otu103	1	0	0	1	0	3	0	2	1	2	2	0	5	5	3	18	15	10	11	0
Otu124	1	0	1	0	1	0	2	3	0	1	0	4	10	1	0	4	1	4	4	0
Otu169	1	1	0	1	0	3	0	7	6	1	2	0	3	0	1	0	2	0	1	0
Otu205	1	0	1	0	0	0	0	1	0	1	0	0	0	0	0	0	0	0	0	0
Otu138	2	0	0	1	0	0	1	0	0	1	0	1	2	1	1	3	0	3	6	0
Otu214	1	0	0	0	0	0	0	0	0	2	0	0	0	0	0	0	0	0	0	0
Otu101	1	5	2	3	4	3	3	0	11	16	2	0	2	0	2	3	4	10	14	0
Otu135	4	0	0	0	0	4	6	7	0	1	1	0	4	2	3	7	1	2	9	0
Otu112	1	3	4	2	0	4	2	5	16	9	1	0	0	0	0	3	0	0	1	0
Otu106	1	3	0	4	1	1	2	5	8	13	4	5	19	3	4	3	1	3	9	0
Otu213	1	0	0	0	0	0	0	1	0	0	0	1	0	0	0	0	0	0	0	0
Otu207	1	0	0	0	0	0	0	1	1	2	1	0	0	0	1	1	0	0	0	0
Otu47	0	28	22	24	16	16	5	55	91	34	14	0	0	0	0	0	0	0	0	0
Otu125	0	2	0	1	1	3	3	5	3	7	0	0	0	0	2	2	0	7	7	0
Otu140	0	6	0	1	1	3	0	3	2	8	0	0	1	0	0	1	0	0	2	0
Otu82	0	9	3	3	3	5	12	12	9	23	11	4	17	4	6	4	1	7	8	0
Otu76	0	12	2	5	10	10	13	7	19	33	17	1	9	0	4	4	3	3	4	0
Otu44	0	16	9	2	20	11	37	84	61	42	39	0	0	0	0	0	0	0	0	1
Otu80	0	6	1	0	0	4	30	19	14	14	13	0	2	0	37	25	6	43	67	0
Otu146	0	3	0	0	1	2	2	2	1	1	1	4	4	2	1	1	0	1	2	0
Otu88	0	9	3	8	2	4	6	8	8	27	11	3	11	11	5	10	4	3	6	0
Otu94	0	3	7	2	9	15	9	11	10	5	6	0	0	0	0	0	2	11	5	0
Otu154	0	1	4	1	1	0	0	2	5	2	0	0	0	0	0	0	0	0	0	0
Otu153	0	4	0	1	2	2	1	3	1	4	2	0	0	0	0	0	0	0	0	0
Otu216	0	3	0	0	2	1	2	1	2	2	1	4	7	1	7	5	1	3	5	0
Otu51	0	1	0	3	1	5	0	0	0	0	0	0	0	0	0	0	0	0	0	282
Otu72	0	1	0	0	0	0	0	0	0	0	0	0	0	0	0	0	0	0	0	167
Otu204	0	1	2	0	0	0	1	1	2	1	2	0	3	1	0	2	0	0	1	0
Otu163	0	2	1	1	0	0	1	0	0	1	0	0	0	2	0	1	1	0	4	0
Otu173	0	1	0	1	1	0	0	2	0	0	0	0	6	1	0	0	0	1	0	0
Otu127	0	2	0	2	0	1	2	9	1	3	2	3	6	2	1	2	2	4	5	0
Otu200	0	2	0	0	1	0	0	3	1	0	0	0	0	0	0	0	0	0	0	0
Otu116	0	3	2	0	1	3	2	5	9	6	4	2	3	0	1	1	0	3	1	0
Otu86	0	1	2	1	0	2	0	0	0	0	0	0	0	0	0	0	0	0	0	110
Otu160	0	2	1	1	0	1	1	0	1	5	2	0	0	0	0	0	0	0	0	1
Otu145	0	1	0	1	1	0	2	3	1	2	1	1	2	1	0	2	0	1	3	0
Otu52	0	1	1	0	0	1	0	0	0	0	0	0	0	0	0	0	0	0	0	251
Otu21	0	1	1	0	0	2	0	0	0	0	0	0	1	0	0	0	0	0	0	568
Otu134	0	2	2	3	0	2	5	11	7	6	2	0	1	0	0	0	0	4	2	0
Otu139	0	2	2	3	3	4	2	3	6	3	2	0	0	0	0	0	0	0	0	0
Otu126	0	1	1	0	1	3	0	11	2	6	2	0	0	10	4	1	0	0	1	0
Otu221	0	1	1	0	0	0	0	0	0	0	0	0	0	0	0	0	0	0	0	349
Otu157	0	2	0	0	0	2	0	1	0	1	1	0	4	0	3	1	0	0	0	0
Otu178	0	1	0	0	1	3	0	1	2	6	1	0	0	0	0	0	0	0	2	0
Otu111	0	0	3	9	3	16	1	13	10	3	3	0	0	0	0	0	0	0	0	0
Otu206	0	0	1	0	0	0	0	1	0	0	1	0	0	0	0	1	2	0	0	0
Otu141	0	0	1	0	0	0	3	1	0	0	0	3	4	1	1	3	1	3	5	0
Otu165	0	0	2	2	1	2	0	11	7	3	0	0	0	0	0	0	0	0	0	0
Otu170	0	0	1	0	0	1	0	1	2	0	0	0	0	2	0	1	0	0	0	0
Otu102	0	0	1	0	1	1	10	15	5	37	22	0	0	0	0	0	0	0	0	0
Otu155	0	0	1	0	2	0	5	1	1	3	1	0	0	0	0	0	0	0	0	0
Otu220	0	0	1	0	1	1	0	0	0	0	0	0	0	0	0	0	0	0	0	0
Otu75	0	0	1	0	0	1	0	0	0	0	0	0	0	0	0	0	0	0	0	145
Otu78	0	0	1	0	0	1	0	0	0	0	0	0	0	0	0	0	0	0	0	135
Otu46	0	0	1	0	2	4	0	0	0	0	0	0	0	0	0	0	0	0	0	278
Otu218	0	0	1	0	0	2	0	0	2	0	1	0	0	0	0	0	0	0	0	0
Otu197	0	0	0	1	0	1	0	0	0	0	0	0	2	0	0	0	0	0	0	0
Otu172	0	0	0	2	1	2	0	3	0	0	0	0	1	0	0	2	2	1	1	0
Otu166	0	0	0	2	1	3	0	2	2	1	0	0	0	0	0	0	0	0	0	0
Otu56	0	0	0	1	0	1	0	0	0	0	0	0	0	0	0	0	0	0	0	213
Otu180	0	0	0	0	1	0	0	1	0	2	0	0	0	0	0	2	0	3	2	0
Otu184	0	0	0	0	1	1	1	1	2	0	1	0	0	0	0	0	0	0	0	0
Otu190	0	0	0	0	1	0	1	0	0	0	0	1	0	0	0	1	0	0	2	0
Otu66	0	0	0	0	1	0	0	0	0	0	0	0	0	0	0	0	0	0	0	238
Otu203	0	0	0	0	1	0	0	1	0	0	2	0	0	0	0	0	1	0	0	0
Otu31	0	0	0	0	1	4	0	0	0	0	0	0	0	0	0	0	0	0	0	381
Otu210	0	0	0	0	0	0	1	1	0	0	0	1	1	0	0	0	0	0	0	0
Otu198	0	0	0	0	0	0	1	0	0	0	0	0	0	0	0	1	0	1	1	0
Otu189	0	0	0	0	0	0	0	2	0	3	3	1	2	0	0	0	0	0	0	0
Otu191	0	0	0	0	0	0	0	2	0	0	0	1	1	0	0	0	0	2	0	0
Otu209	0	0	0	0	0	0	0	1	0	0	1	0	0	0	0	0	0	0	0	0
Otu219	0	0	0	0	0	0	0	1	1	0	0	0	0	0	0	1	0	0	0	0
Otu208	0	0	0	0	0	0	0	1	0	0	0	0	0	1	0	0	0	1	0	0
Otu211	0	0	0	0	0	0	0	0	1	2	1	0	0	0	0	0	0	0	0	0
Otu199	0	0	0	0	0	0	0	0	0	1	1	0	2	0	0	0	0	0	0	0
Otu196	0	0	0	0	0	0	0	0	0	1	0	0	4	0	0	0	1	1	0	0
Otu167	0	0	0	0	0	0	0	0	0	0	0	2	3	2	1	0	1	1	0	0
Otu175	0	0	0	0	0	0	0	0	0	0	0	0	0	0	0	0	0	4	6	0
Otu100	0	0	0	0	0	0	0	0	0	0	0	0	0	0	0	0	0	0	0	75
Otu67	0	0	0	0	0	0	0	0	0	0	0	0	0	0	0	0	0	0	0	176
Otu37	0	0	0	0	0	0	0	0	0	0	0	0	0	0	0	0	0	0	0	319
Otu151	0	0	0	0	0	0	0	0	0	0	0	0	0	0	0	0	0	0	0	21
Otu115	0	0	0	0	0	0	0	0	0	0	0	0	0	0	0	0	0	0	0	49
