#OTU ID	F3D0	F3D141	F3D142	F3D143	F3D144	F3D145	F3D146	F3D147	F3D148	F3D149	F3D150	F3D1	F3D2	F3D3	F3D5	F3D6	F3D7	F3D8	F3D9	Mock
Zotu6	424	288	153	200	313	407	265	1049	781	577	195	37	105	17	15	11	5	0	2	0
Zotu34	59	16	5	12	13	7	21	8	8	33	25	55	59	8	29	36	8	24	37	0
Zotu2	338	244	154	103	208	289	190	818	483	463	161	239	2012	537	161	581	354	159	258	0
Zotu13	99	59	58	55	70	123	51	296	199	150	75	27	109	61	35	106	70	56	66	0
Zotu5	165	306	69	78	33	110	57	69	491	513	106	176	1148	357	179	240	203	269	410	0
Zotu24	55	8	1	1	4	2	15	13	16	23	8	133	267	11	34	38	12	22	50	0
Zotu65	89	20	3	6	9	3	3	1	10	10	2	12	37	5	10	14	8	17	14	0
Zotu77	18	0	7	3	5	5	21	23	8	15	7	18	38	7	5	9	2	6	16	0
Zotu133	8	2	0	0	1	0	9	1	5	7	3	0	14	0	1	14	3	3	21	0
Zotu184	22	1	0	0	0	0	0	0	10	4	2	0	1	0	0	0	0	0	0	0
Zotu35	26	25	12	14	4	4	28	41	48	83	29	30	41	7	10	27	11	6	14	0
Zotu72	17	2	5	11	6	6	18	23	11	7	7	13	42	0	12	11	2	16	28	0
Zotu18	269	48	9	10	12	11	17	52	23	42	8	57	141	31	36	43	13	42	33	0
Zotu12	51	11	103	41	14	25	4	150	18	82	61	122	322	90	46	401	108	138	172	0
Zotu9	139	122	71	73	153	219	89	253	204	264	138	91	600	292	193	223	271	181	191	0
Zotu11	189	117	80	89	123	208	125	488	376	263	79	34	31	4	3	4	3	0	2	0
Zotu158	16	2	0	1	2	0	6	3	1	1	1	4	8	1	6	2	1	3	6	0
Zotu82	11	0	0	0	1	0	1	0	0	0	2	41	73	2	7	7	6	31	19	0
Zotu3	412	476	147	211	329	533	380	1064	852	873	442	65	445	186	149	375	292	131	197	1
Zotu1	269	288	239	139	203	364	191	962	599	622	174	275	1314	506	201	555	411	289	327	0
Zotu26	26	8	4	11	12	14	34	29	12	39	25	42	133	16	38	45	11	43	60	0
Zotu23	71	2	3	1	2	5	35	33	7	6	6	92	193	11	48	104	47	38	50	0
Zotu63	49	2	1	0	0	3	4	3	0	9	3	41	66	10	20	34	11	8	12	0
Zotu7	268	250	147	141	219	377	229	881	578	556	219	89	322	168	110	250	181	125	202	1
Zotu10	18	179	43	85	270	349	193	527	430	517	64	107	55	185	68	47	15	17	27	110
Zotu132	10	4	6	4	0	5	15	12	13	8	5	0	3	0	0	0	0	0	0	0
Zotu94	8	0	0	2	0	0	2	2	1	4	1	24	64	0	14	24	1	12	14	0
Zotu31	36	9	10	11	8	9	13	34	53	26	18	15	57	13	72	40	19	39	51	0
Zotu20	34	36	5	12	36	26	13	130	88	124	13	45	25	111	9	26	35	95	17	1
Zotu32	22	1	1	0	0	0	1	0	0	1	1	97	173	6	9	14	13	70	73	0
Zotu17	39	82	30	60	13	10	75	73	97	257	135	14	18	1	6	5	2	4	4	0
Zotu8	239	185	84	102	153	243	149	486	318	398	227	106	669	252	141	308	250	177	235	0
Zotu52	45	6	7	8	13	8	18	28	20	35	13	23	37	2	18	19	4	6	12	0
Zotu58	77	0	1	0	0	3	0	23	0	1	0	43	77	12	1	6	15	9	29	0
Zotu28	25	51	8	24	10	18	23	44	44	135	80	28	40	9	0	21	4	7	14	0
Zotu89	44	0	0	0	0	0	0	8	0	0	0	37	57	5	17	6	1	0	1	0
Zotu4	141	175	162	99	95	286	165	429	411	391	163	119	324	375	126	453	441	518	566	0
Zotu59	32	1	2	3	1	1	3	7	5	5	3	29	102	2	33	5	3	21	24	0
Zotu15	87	31	10	7	10	15	23	69	51	40	16	305	349	47	82	55	38	45	92	0
Zotu21	69	6	3	4	3	5	19	8	11	8	6	63	316	38	55	61	12	57	42	0
Zotu27	31	19	14	7	22	40	17	62	58	57	22	15	93	51	19	23	10	9	11	1
Zotu117	6	4	2	2	6	2	1	9	8	11	9	4	7	1	8	9	5	6	9	0
Zotu124	31	0	0	0	0	1	0	0	3	2	3	10	36	2	1	1	0	1	2	0
Zotu30	17	39	9	1	7	11	14	77	125	70	34	3	26	17	12	16	34	13	24	0
Zotu14	77	100	51	38	109	113	36	304	269	175	30	0	17	24	31	0	2	5	0	1
Zotu74	39	6	0	2	0	1	6	8	6	16	4	36	93	11	0	2	1	2	2	0
Zotu42	16	11	7	11	2	7	23	35	22	41	37	21	81	7	16	21	9	22	29	0
Zotu113	16	1	2	3	2	0	3	4	2	13	3	10	23	6	5	16	1	8	2	0
Zotu39	35	3	4	1	1	0	3	23	3	9	4	38	107	11	31	40	9	39	79	0
Zotu198	1	4	0	0	0	0	4	4	4	3	5	6	14	1	2	0	0	1	2	0
Zotu48	40	0	0	1	1	4	2	0	0	0	0	40	136	10	8	25	7	43	23	0
Zotu99	19	3	1	3	2	0	8	7	2	2	0	8	35	1	8	26	4	15	14	0
Zotu115	7	4	3	0	1	3	0	6	7	7	1	6	33	9	1	1	2	7	9	0
Zotu49	43	14	2	4	2	1	18	11	12	37	23	57	82	25	6	5	1	7	2	0
Zotu50	32	2	2	3	0	1	4	12	4	7	2	44	144	4	9	42	12	11	22	0
Zotu60	19	0	1	0	0	0	0	0	1	0	0	51	64	12	26	41	18	26	40	0
Zotu204	6	6	4	6	4	10	8	28	14	15	4	0	11	10	3	2	5	2	3	0
Zotu87	119	6	4	2	6	14	2	23	29	13	7	0	2	0	1	0	0	1	0	0
Zotu145	10	2	1	1	1	1	1	2	1	4	2	6	15	1	5	9	2	5	12	0
Zotu174	8	2	0	0	6	6	5	2	4	11	7	3	1	1	0	0	0	0	2	0
Zotu16	60	4	5	1	5	5	3	32	47	4	4	98	387	335	14	67	38	19	39	0
Zotu73	5	1	2	2	1	3	6	5	2	8	4	11	20	19	13	24	12	31	44	0
Zotu19	24	29	38	21	36	73	28	119	89	62	26	7	38	68	18	51	78	29	52	0
Zotu40	10	7	1	2	4	5	6	11	9	20	7	19	73	18	32	35	29	40	53	0
Zotu188	10	4	0	1	0	3	0	1	0	3	0	0	3	2	1	2	3	3	8	0
Zotu233	4	0	1	2	2	7	3	2	3	0	3	0	0	0	0	0	0	1	1	0
Zotu249	10	0	0	0	0	0	0	0	0	0	0	0	7	0	0	0	0	0	0	0
Zotu29	33	28	1	4	5	8	25	14	17	26	8	108	74	6	32	14	6	41	72	0
Zotu64	20	13	2	4	2	5	14	13	17	57	22	17	43	5	6	9	2	11	5	0
Zotu143	5	0	1	0	0	0	8	9	2	3	6	4	8	0	5	9	0	8	6	0
Zotu103	3	12	3	10	0	7	7	2	21	30	26	3	8	0	7	3	1	2	4	0
Zotu122	13	2	0	2	2	6	4	9	5	15	7	11	3	1	2	1	2	13	7	0
Zotu126	8	8	5	5	5	7	11	5	14	16	6	1	3	3	4	0	1	0	5	0
Zotu85	22	9	5	3	2	4	10	14	16	58	22	9	21	0	0	0	0	0	0	0
Zotu129	7	3	1	0	1	0	1	5	3	1	0	5	37	3	7	1	1	5	6	0
Zotu254	8	9	2	3	8	13	13	63	23	25	12	1	20	6	6	12	8	1	3	0
Zotu44	23	3	9	8	10	10	12	16	37	16	16	10	34	8	52	33	16	19	32	0
Zotu69	27	4	3	3	2	2	11	14	5	11	6	21	36	4	10	35	7	22	28	0
Zotu33	7	25	2	10	11	9	11	43	19	58	46	14	95	17	31	31	10	23	31	0
Zotu92	11	4	0	2	4	6	6	7	15	14	3	1	24	5	18	16	9	15	26	0
Zotu201	7	1	1	0	1	1	1	3	1	1	3	5	4	2	0	0	0	0	4	0
Zotu245	2	1	0	1	1	3	3	6	4	3	0	3	0	0	1	0	0	2	2	0
Zotu86	17	4	4	2	4	11	2	21	21	6	7	2	45	13	11	5	8	5	8	0
Zotu36	55	19	3	5	12	7	21	19	15	38	20	39	53	9	16	27	5	37	29	0
Zotu70	5	3	1	5	3	6	8	0	7	12	7	28	74	6	8	11	2	28	22	0
Zotu150	15	0	0	0	0	0	1	0	0	0	0	10	19	5	1	6	1	2	4	0
Zotu195	7	0	0	0	0	0	3	2	0	1	0	2	10	1	0	1	1	1	2	0
Zotu243	3	0	0	0	0	0	2	4	0	1	0	4	0	1	1	1	1	3	3	0
Zotu185	9	0	0	0	0	0	1	3	3	1	0	2	7	0	3	2	1	5	7	0
Zotu169	1	0	0	0	0	0	0	0	1	0	0	3	7	0	9	7	0	2	17	0
Zotu224	2	1	0	0	1	3	2	4	2	5	2	0	2	0	0	1	0	0	0	0
Zotu208	5	3	1	2	1	1	2	3	3	6	2	0	1	0	0	1	0	1	1	0
Zotu165	8	1	0	1	0	0	1	3	7	5	1	5	12	3	1	2	1	3	0	0
Zotu106	8	0	0	0	0	0	1	1	2	3	0	15	39	1	13	11	7	18	19	0
Zotu140	1	0	0	1	2	2	5	12	20	37	8	0	0	0	0	1	0	0	1	0
Zotu45	24	36	2	25	2	11	22	12	36	28	21	29	21	3	13	14	8	21	20	1
Zotu154	4	0	0	0	1	2	2	2	1	2	3	10	21	0	3	7	3	10	7	0
Zotu100	9	4	3	0	5	1	8	2	4	9	8	28	27	2	10	4	0	7	16	0
Zotu242	2	1	0	1	0	0	1	0	1	2	0	2	3	2	1	3	0	1	2	0
Zotu279	5	0	0	0	0	0	0	0	0	0	0	1	2	1	0	1	0	0	2	0
Zotu111	15	1	0	1	1	0	1	5	5	2	0	10	65	0	16	4	1	10	5	0
Zotu107	19	0	3	0	3	1	4	8	5	0	1	21	31	5	8	12	7	10	10	0
Zotu22	49	7	5	1	3	6	29	12	34	19	14	127	297	8	54	35	15	29	49	0
Zotu88	3	13	0	10	5	1	8	4	8	50	12	6	21	4	6	11	5	4	7	0
Zotu157	2	2	1	0	3	5	5	4	2	3	1	13	11	1	5	3	1	3	7	0
Zotu194	2	2	0	1	1	3	1	4	5	3	2	0	5	0	2	3	0	6	5	0
Zotu272	2	1	2	1	0	0	1	1	0	0	1	0	1	0	0	1	0	1	1	0
Zotu216	4	0	0	1	0	1	1	1	0	0	0	6	5	2	1	2	2	2	3	0
Zotu255	4	0	1	0	0	0	1	0	1	0	1	6	2	0	2	1	0	1	0	0
Zotu131	6	6	1	1	1	1	3	0	3	18	8	21	18	2	2	3	2	7	3	0
Zotu160	11	0	0	0	0	0	0	0	1	0	0	5	11	5	1	7	4	7	5	0
Zotu162	7	0	0	2	0	1	4	2	3	1	2	2	10	0	3	4	1	3	10	0
Zotu238	18	17	10	10	29	33	24	80	40	32	17	0	2	0	0	1	0	0	0	0
Zotu173	9	0	0	0	1	1	11	3	2	3	1	6	8	3	4	5	0	5	4	0
Zotu178	7	1	3	1	3	5	0	4	4	7	6	0	5	0	0	2	0	3	1	0
Zotu112	2	4	1	7	0	1	3	5	6	25	12	2	18	1	6	5	1	3	8	0
Zotu136	3	5	1	0	1	0	3	1	5	8	2	7	7	4	8	2	2	15	9	0
Zotu144	5	0	0	0	0	0	0	0	0	0	0	15	13	2	5	7	2	8	14	0
Zotu110	6	6	1	1	0	1	7	6	3	7	5	10	14	2	5	13	1	15	19	0
Zotu246	11	0	0	0	1	0	0	1	1	0	1	1	2	0	1	0	0	0	0	0
Zotu125	10	2	0	1	2	1	4	12	7	9	8	5	11	2	5	8	0	8	7	0
Zotu91	4	9	7	7	4	10	1	33	18	13	4	8	21	4	4	9	1	5	6	0
Zotu55	10	2	4	0	1	1	3	16	1	1	2	21	41	4	20	25	18	48	100	0
Zotu51	18	27	2	4	3	2	14	30	22	23	15	34	46	11	17	21	6	21	23	0
Zotu135	2	1	1	1	0	1	1	1	1	7	2	3	27	15	11	8	1	2	2	0
Zotu293	1	0	0	0	0	0	0	0	0	0	0	1	1	0	1	1	0	2	3	0
Zotu202	10	0	0	0	0	0	1	1	1	1	0	0	3	0	0	7	3	3	10	0
Zotu207	3	1	0	1	1	1	2	1	4	3	1	1	1	2	1	5	2	3	1	0
Zotu71	19	15	23	8	19	5	3	22	58	25	16	0	4	12	0	0	0	0	0	0
Zotu294	7	0	0	0	0	0	0	0	0	2	1	1	0	0	0	3	0	1	3	0
Zotu121	19	2	0	0	2	2	7	6	2	4	2	16	29	3	3	6	1	1	2	0
Zotu220	5	15	4	0	17	25	8	58	34	20	10	3	52	25	5	17	22	10	7	0
Zotu236	2	0	4	1	1	0	0	6	10	2	0	0	0	0	0	0	0	0	0	0
Zotu244	3	2	4	2	3	1	5	13	2	8	9	0	4	9	2	5	7	1	2	0
Zotu299	3	0	1	0	0	1	1	2	0	0	1	0	2	1	3	0	0	0	1	0
Zotu241	14	10	13	4	12	11	6	54	37	28	7	2	26	7	5	14	12	4	8	0
Zotu161	7	4	1	4	2	3	5	2	8	18	4	0	3	0	0	1	1	0	1	0
Zotu46	5	8	0	1	1	1	10	9	15	33	15	70	54	8	46	23	6	16	29	0
Zotu217	2	1	0	0	1	1	4	0	3	1	1	0	3	0	0	4	2	0	2	0
Zotu83	11	5	3	1	2	5	6	63	16	23	4	11	16	1	8	36	1	6	12	0
Zotu231	2	0	0	0	0	0	0	0	0	0	0	8	3	0	0	1	0	7	3	0
Zotu102	6	7	0	0	6	10	4	29	22	21	6	6	5	14	0	3	2	13	7	0
Zotu118	13	2	3	0	0	2	8	1	2	5	4	2	16	0	2	17	3	12	19	0
Zotu263	1	0	0	0	1	2	0	0	2	1	0	3	2	0	1	1	0	0	1	0
Zotu167	12	0	2	2	4	1	4	0	1	3	1	7	2	0	1	5	0	3	4	0
Zotu152	8	0	0	1	1	2	0	0	5	1	1	7	12	1	2	5	1	5	6	2
Zotu79	24	16	0	4	1	6	5	13	17	14	3	3	34	18	11	8	17	8	16	1
Zotu211	1	2	0	0	0	1	2	2	2	3	1	6	3	0	0	3	0	3	1	0
Zotu78	4	2	0	0	1	2	1	5	1	1	1	2	4	1	4	4	2	3	2	168
Zotu259	6	6	3	8	11	13	13	47	32	28	17	1	10	7	0	8	6	1	2	0
Zotu80	2	29	4	9	6	4	9	24	20	72	46	3	1	0	0	1	0	0	1	0
Zotu172	3	0	0	0	0	0	2	0	2	0	0	3	19	0	1	3	2	1	10	0
Zotu134	9	4	1	1	1	3	1	3	1	8	5	14	15	0	12	9	1	5	5	0
Zotu156	18	1	0	0	2	0	0	6	3	3	2	6	6	0	2	1	5	3	5	0
Zotu262	1	0	0	0	0	1	1	0	1	2	1	1	1	0	1	1	0	0	1	0
Zotu123	2	1	0	0	0	0	1	0	0	1	0	8	24	5	9	29	6	11	7	0
Zotu179	4	1	1	0	1	0	2	3	4	2	2	1	5	1	5	2	1	2	10	0
Zotu232	2	0	0	0	0	0	0	3	0	0	0	0	7	3	0	1	3	1	1	0
Zotu180	6	2	2	0	1	0	1	3	8	3	3	0	3	6	1	1	1	3	1	0
Zotu264	1	1	0	0	0	0	3	3	3	0	1	0	1	0	1	0	0	0	0	0
Zotu215	3	2	0	0	0	0	1	1	0	2	1	6	6	0	2	2	1	3	3	0
Zotu66	8	13	1	11	4	3	11	36	26	52	17	21	55	1	6	6	6	9	13	0
Zotu287	2	0	1	0	0	0	0	0	0	0	0	2	1	0	1	1	0	2	2	0
Zotu37	6	26	9	14	3	14	12	19	57	42	9	3	85	55	11	10	30	12	15	0
Zotu153	1	0	2	1	0	3	7	4	7	8	12	4	7	2	3	1	2	1	4	0
Zotu261	2	1	0	1	3	0	0	1	0	2	1	4	2	0	0	0	0	0	1	0
Zotu68	3	45	2	22	3	2	10	16	17	77	44	5	3	0	1	1	0	1	0	0
Zotu251	3	17	5	9	16	16	15	51	46	28	10	1	12	1	1	0	0	0	0	0
Zotu219	5	0	0	0	0	2	0	0	1	0	0	6	3	6	0	3	1	2	1	0
Zotu119	4	0	0	0	0	0	0	0	3	0	0	8	29	2	0	21	8	26	18	0
Zotu159	5	1	1	1	2	0	1	7	5	5	2	3	8	0	1	4	0	3	8	0
Zotu149	5	0	1	0	2	0	8	7	6	8	6	1	4	0	2	8	0	3	4	0
Zotu221	3	1	0	0	0	0	4	0	0	5	1	1	3	0	2	9	0	0	1	0
Zotu206	2	0	0	0	0	0	1	1	1	2	2	1	2	0	2	4	1	7	11	0
Zotu93	5	11	2	6	0	2	9	36	6	19	11	15	12	3	8	9	3	11	12	0
Zotu270	1	1	2	0	0	0	1	3	2	0	0	0	0	1	0	0	1	2	2	0
Zotu275	1	1	3	0	0	0	0	3	0	0	0	0	2	0	0	0	0	1	1	0
Zotu248	1	0	0	0	0	1	5	1	2	1	0	2	2	1	3	1	0	2	3	0
Zotu53	3	5	7	7	9	18	5	32	13	9	8	10	50	39	6	22	25	20	24	0
Zotu76	3	6	4	2	1	9	19	16	5	13	11	15	35	3	11	16	5	13	22	0
Zotu257	2	2	1	0	0	1	1	1	1	4	0	1	2	1	0	0	0	0	0	0
Zotu176	4	0	0	0	1	0	2	7	0	7	5	4	5	1	1	2	1	0	3	0
Zotu192	1	0	1	0	0	1	1	1	1	2	3	2	7	0	3	4	1	2	6	0
Zotu43	2	54	12	36	30	40	87	34	11	2	0	3	2	3	4	13	1	24	34	0
Zotu193	3	0	0	0	0	0	2	3	1	5	3	5	0	0	1	7	0	2	7	0
Zotu256	1	0	0	0	0	0	0	2	1	0	0	1	4	1	0	1	3	3	4	0
Zotu108	1	2	1	2	3	2	3	9	9	5	0	21	2	3	14	10	11	10	5	0
Zotu137	1	0	1	0	1	0	1	5	3	1	1	28	31	6	1	1	0	2	5	0
Zotu168	3	0	1	2	0	3	3	4	3	6	2	9	10	1	3	3	1	4	5	0
Zotu97	7	19	3	6	6	3	14	27	13	6	8	3	24	2	2	7	2	4	3	0
Zotu148	1	0	0	1	0	3	0	2	1	2	2	0	5	5	3	18	15	10	11	0
Zotu187	1	0	1	0	1	0	2	3	0	1	0	4	10	1	0	4	1	4	4	0
Zotu205	1	5	1	1	2	3	1	8	7	2	1	0	0	1	0	2	0	1	0	0
Zotu290	1	1	0	1	0	3	0	7	6	1	2	0	3	0	1	0	2	0	1	0
Zotu222	2	0	0	1	0	0	1	0	0	1	0	1	2	1	1	3	0	3	6	0
Zotu218	1	1	0	0	1	0	0	3	0	1	0	1	9	5	5	2	2	0	0	1
Zotu271	3	1	0	0	0	0	0	0	1	0	1	0	1	0	2	0	0	1	2	0
Zotu139	1	5	2	3	4	3	3	0	11	16	2	0	2	0	2	3	4	10	14	0
Zotu177	2	0	1	2	1	2	1	1	4	2	2	6	5	0	1	9	0	0	8	0
Zotu284	1	0	1	1	1	1	0	3	2	0	0	0	0	0	1	0	1	1	0	0
Zotu225	2	0	0	0	0	3	4	2	0	1	1	0	3	1	2	2	1	0	1	0
Zotu230	1	0	5	0	0	1	0	1	1	0	0	0	1	3	0	1	0	9	2	0
Zotu166	1	3	4	2	0	4	2	5	16	9	1	0	0	0	0	3	0	0	1	0
Zotu212	2	0	0	0	0	1	2	5	0	0	0	0	1	1	1	5	0	2	8	0
Zotu286	1	1	0	0	2	4	0	3	2	1	3	1	0	0	0	0	0	0	0	0
Zotu163	1	0	1	0	0	0	0	0	1	1	0	11	23	1	6	4	1	5	6	0
Zotu151	1	3	0	4	1	1	2	3	4	9	3	2	14	2	3	3	0	3	4	0
Zotu127	2	12	1	7	3	3	5	8	10	26	14	1	3	1	1	2	0	0	1	0
Zotu147	2	5	0	6	0	2	2	1	14	22	4	0	6	1	1	1	0	3	2	0
Zotu235	1	2	0	0	0	1	1	4	3	4	3	3	0	0	1	2	0	3	0	0
Zotu105	2	8	3	6	9	8	12	6	22	45	10	0	9	0	4	9	0	2	5	0
Zotu114	5	0	2	0	2	2	7	4	7	10	5	9	31	0	4	6	1	9	5	0
Zotu197	3	0	1	2	1	0	10	1	1	4	2	7	4	0	4	4	0	7	10	0
Zotu146	1	2	1	2	1	3	4	3	6	15	6	4	10	4	2	2	2	3	3	0
Zotu273	1	0	0	0	2	0	0	3	1	1	1	0	2	1	1	0	0	0	0	0
Zotu142	1	2	1	2	0	0	1	8	7	0	1	2	26	56	2	3	0	0	1	0
Zotu196	1	0	0	1	2	0	6	3	6	8	1	0	0	0	0	1	0	0	1	1
Zotu57	0	26	19	21	14	13	5	50	84	34	13	0	0	0	0	0	0	0	0	0
Zotu189	0	2	0	1	1	3	3	5	3	7	0	0	0	0	2	2	0	7	7	0
Zotu75	0	6	12	7	7	10	8	38	10	21	19	2	2	0	11	13	6	20	42	0
Zotu228	0	6	0	1	1	3	0	3	2	8	0	0	1	0	0	1	0	0	2	0
Zotu104	0	9	3	3	3	5	12	12	9	23	11	4	17	4	6	4	1	7	8	0
Zotu96	0	12	2	5	10	10	13	7	19	33	17	1	9	0	4	4	3	3	4	0
Zotu199	0	1	0	0	0	0	0	2	4	5	3	3	5	1	3	1	2	2	0	0
Zotu54	0	16	9	2	20	11	37	84	61	42	39	0	0	0	0	0	0	0	0	1
Zotu285	0	1	0	0	0	0	1	2	2	0	0	0	3	1	0	1	1	0	0	0
Zotu155	0	7	1	2	0	2	3	4	4	10	3	0	16	2	0	1	1	1	3	0
Zotu269	0	3	0	1	3	2	0	9	5	3	5	1	2	1	1	2	0	0	0	0
Zotu109	0	5	1	0	0	3	15	8	4	6	6	0	1	0	19	15	3	19	30	0
Zotu209	0	3	0	1	5	1	0	6	3	1	1	3	0	5	0	1	3	0	3	0
Zotu120	0	9	2	8	1	3	6	8	8	24	9	1	10	9	2	6	2	3	1	0
Zotu239	0	3	0	0	1	2	2	2	1	1	1	4	4	2	1	1	0	1	2	0
Zotu128	0	3	7	2	9	15	9	11	10	5	6	0	0	0	0	0	2	11	5	0
Zotu252	0	1	4	1	1	0	0	2	5	2	0	0	0	0	0	0	0	0	0	0
Zotu130	0	10	0	2	0	1	10	8	9	28	16	0	0	0	0	1	0	2	0	0
Zotu250	0	4	0	1	2	2	1	3	1	4	2	0	0	0	0	0	0	0	0	0
Zotu183	0	3	0	0	2	1	2	1	2	2	1	4	7	1	7	5	1	3	5	0
Zotu61	0	1	0	3	1	5	0	0	0	0	0	0	0	0	0	0	0	0	0	282
Zotu90	0	1	0	0	0	0	0	0	0	0	0	0	0	0	0	0	0	0	0	167
Zotu274	0	2	1	1	0	0	1	0	0	1	0	0	0	2	0	1	1	0	4	0
Zotu298	0	1	0	1	1	0	0	2	0	0	0	0	6	1	0	0	0	1	0	0
Zotu191	0	2	0	2	0	1	2	9	1	3	2	3	6	2	1	2	2	4	5	0
Zotu281	0	1	0	0	1	0	0	2	0	0	1	2	5	0	0	3	0	0	2	0
Zotu171	0	3	2	0	1	3	2	5	9	6	4	2	3	0	1	1	0	3	1	0
Zotu237	0	2	1	1	0	2	0	3	4	6	1	0	2	1	1	2	1	1	1	0
Zotu116	0	1	2	1	0	2	0	0	0	0	0	0	0	0	0	0	0	0	0	110
Zotu203	0	1	1	0	0	0	1	1	1	1	1	1	4	0	0	2	2	2	12	0
Zotu101	0	1	0	0	0	1	15	11	10	8	7	0	1	0	19	11	3	24	37	0
Zotu282	0	1	0	0	1	0	0	1	0	8	2	0	0	0	0	0	0	0	0	0
Zotu226	0	2	3	3	2	3	0	5	7	0	1	0	0	0	0	0	0	0	0	0
Zotu182	0	1	1	1	0	2	9	14	3	7	5	0	1	0	0	1	0	0	0	0
Zotu268	0	2	1	1	0	1	1	0	1	5	2	0	0	0	0	0	0	0	0	1
Zotu234	0	1	0	1	1	0	2	3	1	2	1	1	2	1	0	2	0	1	3	0
Zotu62	0	1	1	0	0	1	0	0	0	0	0	0	0	0	0	0	0	0	0	251
Zotu25	0	1	1	0	0	2	0	0	0	0	0	0	1	0	0	0	0	0	0	568
Zotu181	0	2	1	2	5	3	2	15	9	6	5	0	0	0	0	1	1	0	0	0
Zotu223	0	1	0	2	0	0	5	2	1	1	1	5	4	1	2	1	0	0	0	0
Zotu288	0	1	1	0	0	1	1	3	1	0	1	0	0	0	0	0	0	1	0	0
Zotu291	0	2	0	0	0	0	0	0	0	2	0	1	6	0	0	1	0	0	1	0
Zotu227	0	2	2	3	3	4	2	3	6	3	2	0	0	0	0	0	0	0	0	0
Zotu190	0	1	1	0	1	3	0	11	2	6	2	0	0	10	4	1	0	0	1	0
Zotu41	0	1	1	0	0	1	0	0	0	0	0	0	0	0	0	0	0	0	0	349
Zotu258	0	2	0	0	0	2	0	1	0	1	1	0	4	0	3	1	0	0	0	0
Zotu260	0	1	0	0	0	0	0	2	3	1	0	0	0	0	1	0	0	2	4	0
Zotu210	0	1	1	3	0	1	4	8	6	6	1	0	1	0	0	0	0	3	2	0
Zotu164	0	0	3	8	3	15	1	11	8	3	1	0	0	0	0	0	0	0	0	0
Zotu213	0	0	1	0	1	1	0	0	0	3	2	2	1	2	3	4	2	0	5	0
Zotu229	0	0	1	0	0	0	3	1	0	0	0	3	4	1	1	3	1	3	5	0
Zotu276	0	0	2	2	1	2	0	11	7	3	0	0	0	0	0	0	0	0	0	0
Zotu292	0	0	1	0	0	1	0	1	2	0	0	0	0	2	0	1	0	0	0	0
Zotu200	0	0	1	1	1	3	3	4	3	1	3	2	7	1	1	6	2	0	1	0
Zotu141	0	0	1	0	1	1	10	15	5	37	22	0	0	0	0	0	0	0	0	0
Zotu253	0	0	1	0	2	0	5	1	1	3	1	0	0	0	0	0	0	0	0	0
Zotu289	0	0	1	0	0	0	0	0	2	0	0	2	0	3	1	2	0	1	0	0
Zotu240	0	0	1	0	0	0	0	3	5	0	1	3	3	2	2	2	3	2	0	0
Zotu95	0	0	1	0	0	1	0	0	0	0	0	0	0	0	0	0	0	0	0	145
Zotu98	0	0	1	0	0	1	0	0	0	0	0	0	0	0	0	0	0	0	0	135
Zotu56	0	0	1	0	2	4	0	0	0	0	0	0	0	0	0	0	0	0	0	278
Zotu297	0	0	0	1	0	1	0	3	2	0	3	0	0	0	0	0	0	0	0	0
Zotu296	0	0	0	2	1	2	0	3	0	0	0	0	1	0	0	2	2	1	1	0
Zotu266	0	0	0	2	0	0	1	1	1	1	0	1	2	0	1	1	0	1	1	0
Zotu277	0	0	0	2	1	3	0	2	2	1	0	0	0	0	0	0	0	0	0	0
Zotu265	0	0	0	1	0	0	0	1	0	4	1	1	0	0	0	2	0	0	7	0
Zotu67	0	0	0	1	0	1	0	0	0	0	0	0	0	0	0	0	0	0	0	213
Zotu81	0	0	0	0	1	0	0	0	0	0	0	0	0	0	0	0	0	0	0	200
Zotu38	0	0	0	0	1	4	0	0	0	0	0	0	0	0	0	0	0	0	0	381
Zotu186	0	0	0	0	0	1	0	4	1	3	1	2	12	2	4	3	0	5	6	0
Zotu214	0	0	0	0	0	0	0	2	4	4	1	3	5	1	1	0	1	0	5	0
Zotu278	0	0	0	0	0	0	0	0	0	0	0	2	3	2	1	0	1	1	0	0
Zotu267	0	0	0	0	0	0	0	0	0	0	0	2	0	0	0	3	0	1	9	0
Zotu280	0	0	0	0	0	0	0	0	0	0	0	0	0	0	1	1	1	2	6	0
Zotu295	0	0	0	0	0	0	0	0	0	0	0	0	0	0	1	3	0	1	6	0
Zotu300	0	0	0	0	0	0	0	0	0	0	0	0	0	0	0	0	0	4	6	0
Zotu84	0	0	0	0	0	0	0	0	0	0	0	0	0	0	0	0	0	0	0	176
Zotu138	0	0	0	0	0	0	0	0	0	0	0	0	0	0	0	0	0	0	0	75
Zotu47	0	0	0	0	0	0	0	0	0	0	0	0	0	0	0	0	0	0	0	319
Zotu247	0	0	0	0	0	0	0	0	0	0	0	0	0	0	0	0	0	0	0	21
Zotu170	0	0	0	0	0	0	0	0	0	0	0	0	0	0	0	0	0	0	0	49
Zotu175	0	0	0	0	0	0	0	0	0	0	0	0	0	0	0	0	0	0	0	38
